"FC1"	"FC2"	"FC3"
"mmu-let-7a-1-3p"	-0.457630875685527	-1.52989602628416	-1.07226515059864
"mmu-let-7a-5p"	-1.94790700187284	-1.66371106063053	0.284195941242311
"mmu-let-7b-3p"	-1.37689152758557	-3.93776840978241	-2.56087688219684
"mmu-let-7b-5p"	-0.626251825919207	-1.93285281655	-1.30660099063079
"mmu-let-7c-1-3p"	-1.17168545930675	-2.66825284408219	-1.49656738477544
"mmu-let-7c-2-3p"	-0.266683171318156	-1.68254726790191	-1.41586409658375
"mmu-let-7c-5p"	-0.870033478239278	-0.295494231487407	0.574539246751871
"mmu-let-7d-3p"	-1.57434779772202	-5.01049397350316	-3.43614617578114
"mmu-let-7d-5p"	-1.67333796428644	-0.939866702517512	0.733471261768927
"mmu-let-7e-3p"	-1.37761996992443	-2.90716935032698	-1.52954938040255
"mmu-let-7e-5p"	-1.42775600972942	-1.91056544854321	-0.482809438813785
"mmu-let-7f-1-3p"	-0.887910187378568	-3.18762700317577	-2.2997168157972
"mmu-let-7f-2-3p"	-2.9003091228514	-3.20925936374055	-0.308950240889153
"mmu-let-7f-5p"	-1.21198650180492	-0.440422900661047	0.771563601143868
"mmu-let-7g-5p"	-1.74868632172965	-1.01625851058288	0.73242781114677
"mmu-let-7i-3p"	-3.70188025250031	-4.54240203849311	-0.840521785992803
"mmu-let-7i-5p"	-1.51716023421248	-1.71685477273408	-0.199694538521601
"mmu-let-7j"	-1.82068172665867	-1.68754542839561	0.133136298263058
"mmu-miR-100-5p"	-1.80025453777304	-1.80298132083249	-0.00272678305945132
"mmu-miR-101a-3p"	-2.24760782329315	-2.05766193937938	0.189945883913772
"mmu-miR-101b-3p"	-1.40813878874858	-0.923262917085044	0.484875871663536
"mmu-miR-103-3p"	-1.94624148181478	-1.84344731532577	0.102794166489012
"mmu-miR-106b-3p"	-2.67330155193999	-2.36793669822015	0.305364853719839
"mmu-miR-106b-5p"	-2.59596908509701	-4.26776254369135	-1.67179345859434
"mmu-miR-107-3p"	-2.19303706138208	-1.78924431927086	0.403792742111221
"mmu-miR-10a-3p"	-4.1258439329782	-5.85282543857178	-1.72698150559358
"mmu-miR-10a-5p"	-3.19727703431439	-5.03083633082966	-1.83355929651527
"mmu-miR-10b-5p"	-3.69538649041481	-5.54838841514095	-1.85300192472614
"mmu-miR-1191a"	-1.10016416192543	-1.93128724991599	-0.831123087990554
"mmu-miR-1198-5p"	-0.918170323395925	-1.53317673967158	-0.615006416275655
"mmu-miR-122-5p"	-2.99053277290396	-1.48310687265383	1.50742590025014
"mmu-miR-1231-3p"	-2.06249592573376	-4.84010350439732	-2.77760757866355
"mmu-miR-125a-3p"	-1.74912436917432	-1.53675837460189	0.212365994572428
"mmu-miR-125a-5p"	-1.60123832555065	-1.79142014424162	-0.190181818690961
"mmu-miR-125b-1-3p"	-2.67492696372553	-3.67762749755982	-1.00270053383429
"mmu-miR-125b-2-3p"	-0.134513997470276	-0.90354336413112	-0.769029366660845
"mmu-miR-125b-5p"	-1.55838960804633	-2.11190358309818	-0.55351397505185
"mmu-miR-126a-3p"	-5.3323310540562	-2.20957116069257	3.12275989336363
"mmu-miR-126a-5p"	-3.74642592341527	-4.18699851480125	-0.440572591385981
"mmu-miR-127-3p"	-4.28605105855877	-5.26096007759594	-0.97490901903717
"mmu-miR-128-2-5p"	0.995045118057235	-1.01825170455622	-2.01329682261346
"mmu-miR-128-3p"	0.636416944898166	0.374303897259693	-0.262113047638473
"mmu-miR-129-5p"	-2.49341874404007	-3.05586013383396	-0.562441389793892
"mmu-miR-1306-3p"	-1.92742539806587	-1.73591022100949	0.191515177056376
"mmu-miR-130a-3p"	-0.49759469553955	-0.0484639975922985	0.449130697947252
"mmu-miR-130b-3p"	-0.929297008656798	0.0707029913432017	1
"mmu-miR-130b-5p"	-2.00962435370501	-3.67730277668875	-1.66767842298374
"mmu-miR-132-3p"	-1.27443045088824	-0.954940277381348	0.319490173506893
"mmu-miR-132-5p"	-1.31612247320616	-0.384340702055927	0.931781771150229
"mmu-miR-133a-3p"	2.12267791118562	5.69486273109125	3.57218481990563
"mmu-miR-133b-3p"	2.38354721315103	7.05409860471193	4.67055139156091
"mmu-miR-135a-2-3p"	-3.74642592341527	-1.56808868215676	2.17833724125851
"mmu-miR-135a-5p"	-2.34650013726467	-1.56337133088696	0.783128806377715
"mmu-miR-135b-5p"	-4.8465900853407	-4.50955509806313	0.337034987277571
"mmu-miR-138-5p"	-2.06249592573376	-4.84010350439732	-2.77760757866355
"mmu-miR-139-3p"	4.27155457237224	2.3275746580285	-1.94397991434374
"mmu-miR-139-5p"	3.54051216552928	3.73840397418654	0.197891808657262
"mmu-miR-140-3p"	-1.7644518517204	-2.02858147767726	-0.26412962595686
"mmu-miR-140-5p"	-1.36459659554601	-0.752513423576423	0.612083171969587
"mmu-miR-143-3p"	-0.893902869643189	-0.575522225728739	0.31838064391445
"mmu-miR-143-5p"	-0.797388077298557	0.56510152823083	1.36248960552939
"mmu-miR-145a-3p"	-0.903507569283443	-0.181378741270797	0.722128828012646
"mmu-miR-146a-5p"	-3.51423324450151	-4.9079893733013	-1.39375612879979
"mmu-miR-146b-5p"	-2.95052627620986	-1.48758834626613	1.46293792994373
"mmu-miR-147-3p"	-2.15893914065543	-2.8151603245464	-0.656221183890978
"mmu-miR-148a-3p"	-0.637998403050668	0.276081806578869	0.914080209629537
"mmu-miR-148a-5p"	-0.740593713659146	-1.10464728421918	-0.364053570560039
"mmu-miR-148b-3p"	-1.71914056381877	-1.5415207966553	0.177619767163476
"mmu-miR-148b-5p"	-1.25513732123211	-1.94894733387542	-0.693810012643306
"mmu-miR-149-3p"	-1.4093909361377	-3.13637244173129	-1.72698150559358
"mmu-miR-149-5p"	-0.0777599555572349	-0.510505625505143	-0.432745669947908
"mmu-miR-151-3p"	-1.9376140562713	-2.1127407037309	-0.175126647459605
"mmu-miR-151-5p"	2.65961300754106	2.70076114640468	0.0411481388636145
"mmu-miR-152-3p"	-1.29334856797163	0.238147629304837	1.53149619727647
"mmu-miR-152-5p"	-0.328139276798045	-0.149872081180353	0.178267195617691
"mmu-miR-155-3p"	-0.409390936137702	-1.33614195410706	-0.926751017969361
"mmu-miR-155-5p"	-3.50463581825497	-4.0312650086598	-0.526629190404829
"mmu-miR-15a-5p"	-2.8116422804607	-2.08826575104245	0.723376529418251
"mmu-miR-15b-3p"	-1.77353216623343	-1.96937838425869	-0.195846218025251
"mmu-miR-15b-5p"	-3.06691425198172	-3.06189617721509	0.00501807476662438
"mmu-miR-16-1-3p"	-1.25567315392763	-2.04106171631895	-0.785388562391323
"mmu-miR-16-2-3p"	-3.32882170356053	-5.85435129076253	-2.525529587202
"mmu-miR-16-5p"	-2.4058179109589	-2.18726705277554	0.218550858183355
"mmu-miR-17-3p"	-1.07152129738132	-1.64267799857744	-0.571156701196126
"mmu-miR-17-5p"	-1.83214364851777	-1.405765106595	0.426378541922772
"mmu-miR-181a-1-3p"	-0.910219516759098	-1.52940243790547	-0.619182921146369
"mmu-miR-181a-2-3p"	-1.27749645696614	-2.97423081678615	-1.69673435982001
"mmu-miR-181a-5p"	-1.88164238814241	-1.743589090388	0.138053297754414
"mmu-miR-181b-1-3p"	-0.604862058158861	-0.178597303456763	0.426264754702098
"mmu-miR-181b-2-3p"	-1.92599941855622	-1.92599941855622	0
"mmu-miR-181b-5p"	-1.64214988929344	-1.96099158032936	-0.318841691035924
"mmu-miR-181c-3p"	-1.7738820890765	-2.3574500077259	-0.583567918649403
"mmu-miR-181c-5p"	-0.343301745679929	-0.290449863414194	0.0528518822657352
"mmu-miR-181d-5p"	-0.911170590281166	-1.30827225586773	-0.397101665586564
"mmu-miR-182-5p"	-1.07772981111177	-0.940206245616169	0.137523565495601
"mmu-miR-183-5p"	-0.523412118914438	-1.18332964851175	-0.659917529597312
"mmu-miR-1839-5p"	-2.01859259633927	-1.2331320915351	0.785460504804177
"mmu-miR-184-3p"	-1.59631342505768	-0.471922562820494	1.12439086223719
"mmu-miR-1843a-3p"	-1.68483278984608	-1.2028522349408	0.481980554905281
"mmu-miR-1843a-5p"	-0.656338383165356	0.431646835707979	1.08798521887333
"mmu-miR-1843b-3p"	-1.33522491750082	-2.68072148352659	-1.34549656602577
"mmu-miR-1843b-5p"	-0.927696965920666	0.23650595203849	1.16420291795916
"mmu-miR-185-3p"	-3.70188025250031	-2.66488604501811	1.0369942074822
"mmu-miR-185-5p"	-2.09702445439486	-1.89552046629915	0.201503988095711
"mmu-miR-186-5p"	-2.17693771812009	-2.46761080527616	-0.290673087156074
"mmu-miR-187-3p"	0.558294550259076	0.503432615224558	-0.0548619350345184
"mmu-miR-188-5p"	2.88466064822505	3.58606505716831	0.701404408943261
"mmu-miR-18a-3p"	-2.66888498426625	-3.82758273028531	-1.15869774601906
"mmu-miR-18a-5p"	-1.63135540620561	-1.23769155771933	0.393663848486277
"mmu-miR-191-3p"	-1.40761655916164	-1.45689746193286	-0.0492809027712188
"mmu-miR-191-5p"	-1.36973744784684	-1.62724018010349	-0.257502732256653
"mmu-miR-192-5p"	-1.31982938890617	-1.62776094212362	-0.307931553217452
"mmu-miR-1933-3p"	-1.24100809950379	-1.0815298854966	0.159478214007197
"mmu-miR-1934-3p"	-3.35755200461808	-4.08453351021167	-0.726981505593584
"mmu-miR-1934-5p"	-0.822654058440487	-4.08138832684065	-3.25873426840017
"mmu-miR-193a-5p"	-2.01588304160666	-2.3720572727123	-0.356174231105642
"mmu-miR-193b-5p"	-4.74202867417966	-6.46901017977325	-1.72698150559358
"mmu-miR-194-5p"	-2.83015354035703	-2.14957041608834	0.680583124268687
"mmu-miR-1943-5p"	-3	-0.816081726478188	2.18391827352181
"mmu-miR-1945"	-3.46287892025577	-3.85282543857178	-0.389946518316014
"mmu-miR-1947-5p"	-1.90916793631958	-2.39186238570169	-0.482694449382106
"mmu-miR-195a-3p"	-2.78295548919281	-3.63126605919956	-0.848310570006754
"mmu-miR-195a-5p"	-1.19890406841408	-0.951636978438601	0.247267089975477
"mmu-miR-1960"	-1.81096617560998	-2.21759143507263	-0.406625259462644
"mmu-miR-1964-3p"	-1.74429907737518	-2.32772152986984	-0.583422452494667
"mmu-miR-1966-3p"	0.922657911466835	-2.64981364507112	-3.57247155653796
"mmu-miR-1968-5p"	4.73395684429387	6.54689445988764	1.81293761559377
"mmu-miR-196a-2-3p"	-1.55208321200728	-3.4706814671816	-1.91859825517432
"mmu-miR-196a-5p"	-1.55037303527759	-1.22006765191732	0.330305383360276
"mmu-miR-196b-5p"	-2.34557596218605	-2.0658371729066	0.279738789279448
"mmu-miR-1981-3p"	-0.419736835814664	-0.878580199585141	-0.458843363770477
"mmu-miR-1981-5p"	-0.747990928912151	-0.652292941563484	0.0956979873486672
"mmu-miR-1983"	-2.30918898305668	-1.83970369975546	0.46948528330122
"mmu-miR-199a-3p"	-0.694798572346504	1.07732635473227	1.77212492707877
"mmu-miR-199a-5p"	-0.270717427887326	-0.505173879209266	-0.23445645132194
"mmu-miR-199b-3p"	-0.776152248589223	1.09011903137684	1.86627127996606
"mmu-miR-199b-5p"	0.387618729920228	0.288585650013445	-0.0990330799067829
"mmu-miR-19a-3p"	-2.51995753760573	-2.75368502848523	-0.233727490879504
"mmu-miR-19b-3p"	-2.46561460684773	-3.35890227082734	-0.893287663979609
"mmu-miR-1a-3p"	2.2265082376321	4.64296301012878	2.41645477249668
"mmu-miR-200a-3p"	-3.80792598488636	-5.68350615025125	-1.87558016536488
"mmu-miR-200a-5p"	-3.23446525363702	-4.6338721012021	-1.39940684756508
"mmu-miR-200b-3p"	-3.59961455790705	-5.51073766124578	-1.91112310333873
"mmu-miR-200b-5p"	-3.57994442595453	-3.73864217197359	-0.158697746019058
"mmu-miR-200c-3p"	-1.92599941855622	-2.91350847437303	-0.987509055816803
"mmu-miR-203-3p"	-1.29661700635818	-5.33475213524495	-4.03813512888677
"mmu-miR-206-3p"	2.16839595485131	2.17376332894242	0.00536737409110903
"mmu-miR-20a-5p"	-2.4524965100086	-2.18406541953438	0.268431090474224
"mmu-miR-20b-5p"	-3.48452259960013	-3.4594316186373	0.0250909809628305
"mmu-miR-210-3p"	-1.20118042395022	-0.197033097511022	1.0041473264392
"mmu-miR-212-5p"	-0.920596220635966	-1.94614790965702	-1.02555168902106
"mmu-miR-214-3p"	-0.949400519379409	-0.506139440507979	0.443261078871429
"mmu-miR-214-5p"	-0.770119784403243	0.0516163461921706	0.821736130595413
"mmu-miR-217-5p"	-0.92283213947754	-1.0815298854966	-0.158697746019058
"mmu-miR-218-5p"	-1.14477218562463	-0.6669240211328	0.477848164491827
"mmu-miR-219a-1-3p"	-2.67611038877935	-2.73587553363767	-0.0597651448583138
"mmu-miR-219a-5p"	-1.52466199045334	-2.49957100949051	-0.97490901903717
"mmu-miR-21a-3p"	-1.76500313853007	-3.0492763407382	-1.28427320220813
"mmu-miR-21a-5p"	-1.38980037657469	-1.4161696167277	-0.0263692401530039
"mmu-miR-22-3p"	-0.50644784362147	-0.266543000258724	0.239904843362746
"mmu-miR-22-5p"	-1.85352349033946	-1.15462900458329	0.698894485756168
"mmu-miR-221-3p"	-1.81833952254142	-1.12548201514854	0.69285750739288
"mmu-miR-221-5p"	-2.63768692868772	-2.78993608985311	-0.152249161165395
"mmu-miR-222-3p"	-2.34323436907461	-3.23882694952116	-0.895592580446557
"mmu-miR-222-5p"	-1.71188719497419	-2.64303546630087	-0.93114827132668
"mmu-miR-224-5p"	-1.30744910510981	-1.68980079666701	-0.382351691557195
"mmu-miR-23a-3p"	-1.97516716440738	0.604313750133763	2.57948091454114
"mmu-miR-23b-3p"	-1.10188917332389	1.22851033912722	2.33039951245111
"mmu-miR-23b-5p"	0.238033776131177	0.367924903440725	0.129891127309548
"mmu-miR-24-1-5p"	-1.1258439329782	-0.00690286025468826	1.11894107272351
"mmu-miR-24-2-5p"	-1.44124009840959	-0.806566448091346	0.634673650318248
"mmu-miR-24-3p"	-0.969958060965878	0.108092723177887	1.07805078414377
"mmu-miR-25-3p"	-2.24363643880043	-1.68860597620256	0.555030462597863
"mmu-miR-25-5p"	-3.54702433529988	-4.26949035977098	-0.722466024471091
"mmu-miR-26a-2-3p"	-1.45027888347613	-1.54088143225704	-0.0906025487809065
"mmu-miR-26a-5p"	-1.85921801270412	-1.69805534625094	0.161162666453176
"mmu-miR-26b-3p"	-3.74642592341527	-3.56808868215676	0.178337241258512
"mmu-miR-26b-5p"	-1.95792959876696	-1.12205543480325	0.835874163963713
"mmu-miR-27a-3p"	-2.06109661166671	-2.32560678236987	-0.264510170703162
"mmu-miR-27a-5p"	-2.46587063521151	-2.31745723020937	0.14841340500214
"mmu-miR-27b-3p"	-0.512528824988522	-0.217369117807444	0.295159707181079
"mmu-miR-27b-5p"	-0.755406177359021	-0.359757663188367	0.395648514170653
"mmu-miR-28a-3p"	-2.053449770561	-2.17118421294465	-0.117734442383646
"mmu-miR-28a-5p"	-1.19902646555005	-1.78955369017696	-0.590527224626901
"mmu-miR-28c"	0.658080429925172	-0.109972842025132	-0.768053271950303
"mmu-miR-296-3p"	0.217908917834684	-1.32835513778593	-1.54626405562062
"mmu-miR-298-5p"	0.0225118202686299	0.13298184813854	0.11047002786991
"mmu-miR-29a-3p"	-1.48788192371192	-1.67205105346482	-0.184169129752901
"mmu-miR-29b-1-5p"	-3.1258439329782	-3.85282543857178	-0.726981505593584
"mmu-miR-29b-2-5p"	-0.733213459305099	-3.1926450779424	-2.4594316186373
"mmu-miR-29b-3p"	0.895113427832165	0.786681353792854	-0.108432074039311
"mmu-miR-29c-3p"	-2.44401989300445	-1.86531638275498	0.578703510249474
"mmu-miR-301a-3p"	-1.57550217147209	-0.662965012722429	0.912537158749661
"mmu-miR-301a-5p"	-1.26972130096104	-1.12628919749732	0.143432103463719
"mmu-miR-301b-5p"	-1.75207248655641	-0.830074998557688	0.921997487998727
"mmu-miR-3057-5p"	-1.58003906428108	-1.94949924246026	-0.369460178179184
"mmu-miR-3061-3p"	-2.44401989300445	-2.05259495094756	0.391424942056893
"mmu-miR-3061-5p"	-0.501397784082025	-1.91020332964935	-1.40880554556733
"mmu-miR-3064-5p"	-2.04744099491732	-2.81549426686762	-0.768053271950303
"mmu-miR-3066-5p"	-2.18817670599854	-0.756330919033137	1.4318457869654
"mmu-miR-3068-3p"	-3.75419339820931	-1.08728928395198	2.66690411425733
"mmu-miR-3068-5p"	-0.463193537433496	0.991779493195031	1.45497303062853
"mmu-miR-3074-5p"	-1.60486205815886	-1.53161307612822	0.0732489820306386
"mmu-miR-3079-5p"	-2.00933786457934	-1.10619940383193	0.903138460747411
"mmu-miR-3081-3p"	0.12869468826603	-1.03040734388175	-1.15910203214778
"mmu-miR-3082-3p"	-2.25986712675511	-1.92283213947754	0.337034987277571
"mmu-miR-3089-3p"	-1.16710998583526	-1.14201900487243	0.0250909809628305
"mmu-miR-3095-3p"	-0.0166375242323819	-1.49895998282393	-1.48232245859155
"mmu-miR-3098-3p"	-1.34433450793564	-2.76355980417792	-1.41922529624228
"mmu-miR-3099-3p"	-2.62299563271574	-4.61797755794912	-1.99498192523338
"mmu-miR-30a-3p"	-2.54228445389293	-2.10137191158657	0.440912542306352
"mmu-miR-30a-5p"	-2.32451673144981	-2.47413112343536	-0.149614391985555
"mmu-miR-30b-3p"	-0.412347408921039	-0.00161646520091822	0.410730943720121
"mmu-miR-30b-5p"	-2.94245891551009	-1.42515336489219	1.51730555061789
"mmu-miR-30c-1-3p"	-1.61530710971715	-2.29087215921921	-0.675565049502063
"mmu-miR-30c-2-3p"	-2.31700858724042	-2.64738333895038	-0.330374751709955
"mmu-miR-30c-5p"	-2.83907218104696	-2.30862964463751	0.53044253640945
"mmu-miR-30d-3p"	-1.31000871629548	-1.12394150403328	0.186067212262195
"mmu-miR-30d-5p"	-0.891576836567711	-0.970364196724839	-0.0787873601571289
"mmu-miR-30e-3p"	-1.31463370417168	-0.881242567962485	0.433391136209192
"mmu-miR-30e-5p"	-1.77854498462077	-1.83724735976417	-0.0587023751434071
"mmu-miR-31-3p"	-2.64081573545467	-1.71881824745595	0.921997487998727
"mmu-miR-31-5p"	-2.32777415703685	-1.83716956964607	0.490604587390778
"mmu-miR-3102-3p"	-2.52685954615759	-1.11657557684938	1.41028396930821
"mmu-miR-3102-5p.2-5p"	-1.76789484627847	-3.11477555161121	-1.34688070533274
"mmu-miR-3109-3p"	-3.33327306848137	-3.72321958679739	-0.389946518316014
"mmu-miR-32-5p"	-2.46275062892381	-2.33328333228078	0.129467296643029
"mmu-miR-320-3p"	-2.0128263220487	-2.07600475570456	-0.0631784336558598
"mmu-miR-322-3p"	1.85902444465561	2.01217331626411	0.153148871608494
"mmu-miR-322-5p"	1.35662792705717	1.31571700882041	-0.0409109182367562
"mmu-miR-324-3p"	-1.82163914806385	-1.98083774291311	-0.159198594849254
"mmu-miR-324-5p"	-0.409390936137702	-0.447458976971221	-0.0380680408335194
"mmu-miR-328-3p"	-0.578617970509745	-2.09864156806255	-1.52002359755281
"mmu-miR-33-5p"	-2.24756760448802	-0.913384357694019	1.334183246794
"mmu-miR-330-3p"	-0.229186635350121	-2.3853775257586	-2.15619089040848
"mmu-miR-330-5p"	-0.701560258035007	-1.89907109114922	-1.19751083311421
"mmu-miR-331-3p"	-3.86531638275498	-2.54088143225704	1.32443495049794
"mmu-miR-331-5p"	-2.76921979317083	-4.75672884898764	-1.9875090558168
"mmu-miR-335-3p"	1.27853549937398	-0.961653688350517	-2.2401891877245
"mmu-miR-335-5p"	0.489203517915725	2.12359937844138	1.63439586052566
"mmu-miR-339-3p"	-3.05285188226573	-2.36405357056004	0.688798311705696
"mmu-miR-339-5p"	-2.6167016917889	-2.78523211115946	-0.168530419370559
"mmu-miR-340-5p"	-3.85242715895657	-5.89161642453056	-2.03918926557398
"mmu-miR-342-3p"	-1.58913817669235	-0.783576536457796	0.805561640234553
"mmu-miR-342-5p"	-0.853561793072474	-2.8510549374619	-1.99749314438943
"mmu-miR-344-3p"	-0.207167693700097	0.0406789534537956	0.247846647153893
"mmu-miR-344b-3p"	-0.0618052844734716	-0.784271308944563	-0.722466024471091
"mmu-miR-344d-3-5p"	-2.74642592341527	-1.82442843541655	0.921997487998727
"mmu-miR-344d-3p"	-2.35093606541626	-3.90768854642581	-1.55675248100955
"mmu-miR-345-3p"	0.458878119669875	0.108436232039362	-0.350441887630513
"mmu-miR-345-5p"	-3.74642592341527	-2.56808868215676	1.17833724125851
"mmu-miR-3474"	-1.66230458925432	-0.269389900873617	1.3929146883807
"mmu-miR-34a-5p"	-2.65849153614312	-1.0703893278914	1.58810220825172
"mmu-miR-34b-3p"	-0.409833904671304	-0.571827098532022	-0.161993193860718
"mmu-miR-34b-5p"	-0.0815298854965985	1.66213036124362	1.74366024674021
"mmu-miR-34c-5p"	-0.820387676148128	-1.03910398868108	-0.218716312532954
"mmu-miR-350-5p"	-1.07108309806148	-1.68363143045454	-0.612548332393056
"mmu-miR-351-3p"	0.218534945666934	-0.40384508440864	-0.622380030075574
"mmu-miR-351-5p"	2.48609363439985	0.819591438796398	-1.66650219560345
"mmu-miR-3535"	-4.0287228838865	-2.21957690630291	1.80914597758359
"mmu-miR-361-3p"	-1.86029703156957	-2.25825139024829	-0.397954358678721
"mmu-miR-361-5p"	-1.03863265960306	-0.737943361090036	0.300689298513023
"mmu-miR-362-5p"	0.853707519732325	1.40307446529948	0.549366945567157
"mmu-miR-363-3p"	-3.97149357231101	-6.54396512884897	-2.57247155653796
"mmu-miR-365-2-5p"	-2.1422366388961	-3.56883240413829	-1.42659576524219
"mmu-miR-365-3p"	-1.62821569867504	-0.819069721091448	0.809145977583592
"mmu-miR-374b-3p"	-4.33138842413643	-2.56808868215676	1.76329974197967
"mmu-miR-374b-5p"	-1.54437865307542	-2.10113113408497	-0.556752481009554
"mmu-miR-378a-3p"	1.36282187305665	1.69396879656	0.331146923503343
"mmu-miR-378a-5p"	0.921532245754043	1.0842653179203	0.162733072166254
"mmu-miR-378b"	0.367208974188229	1.18806405105578	0.820855076867556
"mmu-miR-378c"	1.03504377633738	1.45582397724528	0.420780200907891
"mmu-miR-378d"	1.13510236640083	2.03132633419391	0.896223967793075
"mmu-miR-379-5p"	-2.25986712675511	-1.64981364507112	0.610053481683986
"mmu-miR-381-3p"	-1.86531638275498	-2.28454167899725	-0.419225296242277
"mmu-miR-383-5p"	-1.73696559416621	-2.56808868215676	-0.831123087990554
"mmu-miR-3968"	-3.52356195605701	-2.91350847437303	0.610053481683986
"mmu-miR-411-5p"	-2.1096244911745	-2.49957100949051	-0.389946518316014
"mmu-miR-421-3p"	-1.99860541792825	-1.49438421747172	0.504221200456525
"mmu-miR-423-3p"	-2.3355079388134	-3.33042084661933	-0.994912907805931
"mmu-miR-423-5p"	-2.53049390426203	-4.61341145166286	-2.08291754740084
"mmu-miR-425-3p"	-1.97383333801853	-1.29458324170861	0.679250096309919
"mmu-miR-425-5p"	-1.6619051167221	-1.67764785326785	-0.0157427365457473
"mmu-miR-449a-5p"	-3.64081573545467	-1.23053176614646	2.41028396930821
"mmu-miR-450a-5p"	0.771657831251769	1.20236257683045	0.430704745578677
"mmu-miR-450b-5p"	2.98645346816205	2.17142234982881	-0.815031118333237
"mmu-miR-452-3p"	-3.96563438648118	-6.42506600511847	-2.4594316186373
"mmu-miR-452-5p"	-3.42854554776162	-4.56228925356591	-1.13374370580429
"mmu-miR-455-3p"	-1.62195670820336	-1.71881824745595	-0.096861539252589
"mmu-miR-455-5p"	-2.17611114585854	-2.5239539394967	-0.347842793638155
"mmu-miR-463-3p"	0.489203517915725	-0.109972842025132	-0.599176359940857
"mmu-miR-465a-3p"	-1.26773374236961	-1.55162903805361	-0.283895295683997
"mmu-miR-465b-3p"	-1.71638239856366	-1.61514464118795	0.101237757375708
"mmu-miR-465b-5p"	0.0780025120012732	-0.31194400631474	-0.389946518316014
"mmu-miR-465c-3p"	-1.54904110857817	-1.89007802641323	-0.341036917835067
"mmu-miR-465c-5p"	-1.09201261126494	-0.833361282402483	0.258651328862455
"mmu-miR-467a-5p"	0.257387842692652	0.303780748177103	0.0463929054844512
"mmu-miR-470-5p"	-1.23045815856481	-1.44681882237964	-0.216360663814833
"mmu-miR-471-5p"	0.489203517915725	0.535596423400177	0.0463929054844512
"mmu-miR-483-3p"	1.96000193206808	0.546894459887637	-1.41310747218044
"mmu-miR-483-5p"	4.13053917291539	2.04076415878212	-2.08977501413327
"mmu-miR-484"	-1.70320626651818	-2.18492178010507	-0.481715513586884
"mmu-miR-486a-3p"	0.863341970535383	1.37492903910032	0.511587068564938
"mmu-miR-486a-5p"	0.14267205321644	-0.00160651600879097	-0.144278569225231
"mmu-miR-486b-3p"	0.521050736900963	0.111031312388744	-0.410019424512219
"mmu-miR-486b-5p"	0.201144674709081	0.0160678380145665	-0.185076836694515
"mmu-miR-493-5p"	-2.4594316186373	-5.23703919730085	-2.77760757866355
"mmu-miR-497a-5p"	-1.53925397882738	-2.23334610453049	-0.69409212570311
"mmu-miR-497b"	-0.356934544715276	-0.0198995574377048	0.337034987277571
"mmu-miR-499-5p"	1.71208593737769	3.68035567829336	1.96826974091567
"mmu-miR-500-3p"	0.118922098008209	-0.787057992653149	-0.905980090661359
"mmu-miR-501-3p"	0.263263637275046	0.430969707158912	0.167706069883867
"mmu-miR-503-5p"	2.37499356816949	1.75632482848713	-0.618668739682362
"mmu-miR-504-5p"	0.395137941841139	1.24480366875671	0.849665726915569
"mmu-miR-505-3p"	-3.48961462413368	-5.48961462413367	-2
"mmu-miR-505-5p"	-4.34700292377768	-4.44386446303027	-0.096861539252589
"mmu-miR-5099"	-2.7639152782949	-2.86525410891523	-0.101338830620328
"mmu-miR-5114"	0.876264631577755	1.30202853744966	0.425763905871902
"mmu-miR-5122"	0.485426827170242	-0.923378718397088	-1.40880554556733
"mmu-miR-5126"	0.127982361077955	-3.2083268101469	-3.33630917122486
"mmu-miR-5129-3p"	-0.865316382754977	-1.86531638275498	-1
"mmu-miR-5132-5p"	-0.441705449740924	-1.64981364507112	-1.2081081953302
"mmu-miR-532-5p"	0.0584353414850117	0.362679169691095	0.304243828206083
"mmu-miR-542-3p"	1.5631463375606	1.65532970291508	0.0921833653544818
"mmu-miR-574-3p"	-3.4432343911095	-1.25931611758768	2.18391827352181
"mmu-miR-582-3p"	-2.4438077379685	-1.36400702675538	1.07980071121312
"mmu-miR-598-3p"	-0.944276455787589	0.0823586707158775	1.02663512650347
"mmu-miR-615-3p"	-0.822872250071059	-2.96607813592515	-2.14320588585409
"mmu-miR-615-5p"	-2.01098586078689	-4.11869967808714	-2.10771381730025
"mmu-miR-6236"	-2.63092835467334	-4.57994442595453	-1.9490160712812
"mmu-miR-6516-5p"	-2.35693454471528	-0.434937056716548	1.92199748799873
"mmu-miR-652-3p"	-1.60047912723731	-0.764059255048481	0.836419872188825
"mmu-miR-6539"	-2.04454643895326	-1.83876595882173	0.20578048013153
"mmu-miR-664-5p"	-0.939112495349918	-0.918103963341417	0.0210085320085012
"mmu-miR-669c-5p"	-1.01992118620836	-2.07806150032137	-1.05814031411301
"mmu-miR-669h-5p"	-1.25986712675511	-1.64981364507112	-0.389946518316014
"mmu-miR-671-3p"	-2.13504947176856	-3.53115937981162	-1.39610990804307
"mmu-miR-671-5p"	-2.15088645636075	-3.41001942451222	-1.25913296815147
"mmu-miR-672-5p"	0.0780025120012732	-1.36257007938471	-1.44057259138598
"mmu-miR-674-3p"	-0.865089170591595	-3.10604827090419	-2.2409591003126
"mmu-miR-674-5p"	3.08746284125034	4.06847973788277	0.981016896632427
"mmu-miR-675-5p"	0.656468465696851	1.51127055015692	0.854802084460064
"mmu-miR-676-5p"	-1.94189704543643	-3.38246963682241	-1.44057259138598
"mmu-miR-677-5p"	-1.03435150479078	0.0609289986423318	1.09528050343311
"mmu-miR-6899-3p"	-1.42100786859537	-3.71584230260045	-2.29483443400509
"mmu-miR-6900-3p"	-0.794681092022493	-0.979403095392887	-0.184722003370393
"mmu-miR-6911-3p"	0.708537185839689	-0.931287249915986	-1.63982443575567
"mmu-miR-6923-5p"	2.21389762717099	-2.34852230489908	-4.56241993207007
"mmu-miR-6929-3p"	1.07716786052246	0.926833587438028	-0.150334273084431
"mmu-miR-6933-5p"	-1.25986712675511	-1.64981364507112	-0.389946518316014
"mmu-miR-6944-3p"	-0.719478167437365	-1.83399004856107	-1.11451188112371
"mmu-miR-6945-3p"	-1.07489994082513	-2.42490655874593	-1.3500066179208
"mmu-miR-6956-3p"	-0.397550072550002	-2.93128724991599	-2.53373717736598
"mmu-miR-6958-3p"	0.0675632838126346	-3.38246963682241	-3.45003292063505
"mmu-miR-6959-5p"	-3.69458699189565	-2.77258950389693	0.921997487998727
"mmu-miR-6964-3p"	-2.52685954615759	-3.96743213754357	-1.44057259138598
"mmu-miR-6979-3p"	-1.51511139146718	-0.411275580482645	1.10383581098454
"mmu-miR-6988-3p"	-0.11121747859855	-2.10619940383193	-1.99498192523338
"mmu-miR-6991-5p"	1.67556504950206	1.67556504950206	0
"mmu-miR-700-3p"	-1.32329493065127	-2.0331668639352	-0.709871933283931
"mmu-miR-7015-3p"	-1.69116190455308	-2.84985965057214	-1.15869774601906
"mmu-miR-7034-5p"	0.0515303006400819	-1.97400479146706	-2.02553509210714
"mmu-miR-704"	-1.81096617560998	-0.79836613883035	1.01260003677963
"mmu-miR-7068-3p"	-1.06249592573376	-2.22119367175282	-1.15869774601906
"mmu-miR-7073-5p"	-2.74642592341527	-3.13637244173129	-0.389946518316014
"mmu-miR-708-3p"	-0.807819519826042	-0.924169679072429	-0.116350159246387
"mmu-miR-708-5p"	-1.22843703074827	-0.417301260987456	0.81113576976081
"mmu-miR-7093-3p"	-2.39592867633114	-3.83650126771712	-1.44057259138598
"mmu-miR-7212-5p"	-3.18670071419314	-3.57664723250915	-0.389946518316014
"mmu-miR-7224-3p"	0.584962500721156	-3.1926450779424	-3.77760757866355
"mmu-miR-741-3p"	-1.03167123123942	-0.187333056727737	0.844338174511684
"mmu-miR-743a-3p"	1.53127462982717	1.35706990100762	-0.174204728819548
"mmu-miR-743a-5p"	0.143257050980232	0.58760238259386	0.444345331613628
"mmu-miR-743b-3p"	-0.953401315395505	0.0112656114922147	0.964666926887719
"mmu-miR-743b-5p"	-1.71947816743736	-1.07956725731832	0.639910910119047
"mmu-miR-744-3p"	-0.674904626033955	0.337695410745679	1.01260003677963
"mmu-miR-744-5p"	-1.0209388207333	-1.92063061969893	-0.899691798965626
"mmu-miR-760-3p"	-0.788495894806288	-2.63259136367891	-1.84409546887262
"mmu-miR-7648-3p"	-1.12960585177439	-2.86531638275498	-1.73571053098058
"mmu-miR-7658-5p"	-3.09702445439486	-5.08453351021167	-1.9875090558168
"mmu-miR-7661-3p"	-2.25986712675511	-2.64981364507112	-0.389946518316014
"mmu-miR-7666-3p"	0.37335159647192	-1.23053176614646	-1.60388336261838
"mmu-miR-7667-3p"	-2.94189704543643	-4.38246963682241	-1.44057259138598
"mmu-miR-7680-3p"	-3.94189704543643	-3.33184356375245	0.610053481683986
"mmu-miR-7a-5p"	-1.54323243442101	-1.78374716203541	-0.240514727614399
"mmu-miR-7b-5p"	-3	-1.98739996322037	1.01260003677963
"mmu-miR-8120"	-1.35693454471528	-3.38246963682241	-2.02553509210714
"mmu-miR-871-3p"	-1.51596353093093	-2.07953860423468	-0.563575073303755
"mmu-miR-872-3p"	-0.691877704637668	-1.0703893278914	-0.37851162325373
"mmu-miR-872-5p"	-0.372202082666883	0.00491224297420312	0.377114325641086
"mmu-miR-877-5p"	-1.46943879199268	-3.05105784963946	-1.58161905764679
"mmu-miR-878-5p"	-0.995743362439465	-0.227068908545921	0.768674453893544
"mmu-miR-880-3p"	-0.341036917835067	0.245318818185955	0.586355736021022
"mmu-miR-881-3p"	-1.20891984621315	-0.548648004999828	0.660271841213323
"mmu-miR-883a-3p"	0.0736407622522649	-1.47753342501261	-1.55117418726487
"mmu-miR-9-3p"	-1.76680082370697	-0.987399963220366	0.779400860486603
"mmu-miR-9-5p"	-0.530844851486612	-0.770879193941912	-0.2400343424553
"mmu-miR-92a-3p"	-2.33973693635158	-3.0273955008289	-0.687658564477319
"mmu-miR-92b-3p"	-2.95862576262929	-5.29315848119	-2.33453271856072
"mmu-miR-92b-5p"	-3.05162776053266	-7.96537202718225	-4.91374426664958
"mmu-miR-93-3p"	-3.9832936672676	-2.80495642600909	1.17833724125851
"mmu-miR-93-5p"	-2.28138094484704	-2.41221601035081	-0.130835065503773
"mmu-miR-96-5p"	-1.7801020975442	-2.02754956072519	-0.247447463180983
"mmu-miR-98-5p"	-0.61796015689807	-0.763257261240481	-0.145297104342411
"mmu-miR-99a-3p"	-3.39592867633114	-3.83650126771712	-0.440572591385981
"mmu-miR-99a-5p"	-1.82171556029412	-1.9453195690308	-0.123604008736676
"mmu-miR-99b-3p"	-1.15451537382833	-2.0932972010695	-0.938781827241171
"mmu-miR-99b-5p"	-1.17246154614011	-2.49771173951121	-1.32525019337111
